59
[0, 1, 12]
[4, 6, 11, 4]
[6, 11, 4, 6]
[11, 4, 6, 11]
[0, 1, 2, 3, 5]
[1, 2, 3, 5, 1]
[2, 3, 5, 1, 2]
[2, 3, 5, 1, 12]
[3, 5, 1, 2, 3]
[5, 1, 2, 3, 5]
[4, 6, 7, 8, 10, 11, 4]
[4, 6, 7, 9, 10, 11, 4]
[6, 7, 8, 10, 11, 4, 6]
[6, 7, 9, 10, 11, 4, 6]
[7, 8, 10, 11, 4, 6, 7]
[7, 9, 10, 11, 4, 6, 7]
[8, 10, 11, 4, 6, 7, 8]
[8, 10, 11, 4, 6, 7, 9]
[9, 10, 11, 4, 6, 7, 8]
[9, 10, 11, 4, 6, 7, 9]
[10, 11, 4, 6, 7, 8, 10]
[10, 11, 4, 6, 7, 9, 10]
[11, 4, 6, 7, 8, 10, 11]
[11, 4, 6, 7, 9, 10, 11]
[0, 1, 2, 3, 4, 6, 11, 5]
[1, 2, 3, 4, 6, 11, 5, 1]
[2, 3, 4, 6, 11, 5, 1, 2]
[2, 3, 4, 6, 11, 5, 1, 12]
[3, 4, 6, 11, 5, 1, 2, 3]
[4, 6, 11, 5, 1, 2, 3, 4]
[5, 1, 2, 3, 4, 6, 11, 5]
[6, 11, 5, 1, 2, 3, 4, 6]
[11, 5, 1, 2, 3, 4, 6, 11]
[0, 1, 2, 3, 4, 6, 7, 8, 10, 11, 5]
[0, 1, 2, 3, 4, 6, 7, 9, 10, 11, 5]
[1, 2, 3, 4, 6, 7, 8, 10, 11, 5, 1]
[1, 2, 3, 4, 6, 7, 9, 10, 11, 5, 1]
[2, 3, 4, 6, 7, 8, 10, 11, 5, 1, 2]
[2, 3, 4, 6, 7, 8, 10, 11, 5, 1, 12]
[2, 3, 4, 6, 7, 9, 10, 11, 5, 1, 2]
[2, 3, 4, 6, 7, 9, 10, 11, 5, 1, 12]
[3, 4, 6, 7, 8, 10, 11, 5, 1, 2, 3]
[3, 4, 6, 7, 9, 10, 11, 5, 1, 2, 3]
[4, 6, 7, 8, 10, 11, 5, 1, 2, 3, 4]
[4, 6, 7, 9, 10, 11, 5, 1, 2, 3, 4]
[5, 1, 2, 3, 4, 6, 7, 8, 10, 11, 5]
[5, 1, 2, 3, 4, 6, 7, 9, 10, 11, 5]
[6, 7, 8, 10, 11, 5, 1, 2, 3, 4, 6]
[6, 7, 9, 10, 11, 5, 1, 2, 3, 4, 6]
[7, 8, 10, 11, 5, 1, 2, 3, 4, 6, 7]
[7, 9, 10, 11, 5, 1, 2, 3, 4, 6, 7]
[8, 10, 11, 5, 1, 2, 3, 4, 6, 7, 8]
[8, 10, 11, 5, 1, 2, 3, 4, 6, 7, 9]
[9, 10, 11, 5, 1, 2, 3, 4, 6, 7, 8]
[9, 10, 11, 5, 1, 2, 3, 4, 6, 7, 9]
[10, 11, 5, 1, 2, 3, 4, 6, 7, 8, 10]
[10, 11, 5, 1, 2, 3, 4, 6, 7, 9, 10]
[11, 5, 1, 2, 3, 4, 6, 7, 8, 10, 11]
[11, 5, 1, 2, 3, 4, 6, 7, 9, 10, 11]
