50
[0, 1, 0]
[1, 0, 1]
[2, 3, 2]
[3, 2, 3]
[5, 6, 5]
[6, 5, 6]
[2, 3, 4, 2]
[3, 2, 14, 15]
[3, 4, 2, 3]
[4, 2, 3, 4]
[7, 8, 9, 7]
[7, 8, 10, 7]
[8, 9, 7, 8]
[8, 10, 7, 8]
[9, 7, 8, 9]
[9, 7, 8, 10]
[10, 7, 8, 9]
[10, 7, 8, 10]
[1, 0, 2, 14, 15]
[2, 3, 4, 5, 2]
[3, 4, 2, 14, 15]
[3, 4, 5, 2, 3]
[4, 5, 2, 3, 4]
[5, 2, 3, 4, 5]
[6, 7, 11, 13, 6]
[7, 11, 13, 6, 7]
[11, 13, 6, 7, 11]
[13, 6, 7, 11, 13]
[3, 4, 5, 2, 14, 15]
[6, 7, 11, 12, 13, 6]
[7, 11, 12, 13, 6, 7]
[11, 12, 13, 6, 7, 11]
[11, 13, 6, 7, 8, 9]
[11, 13, 6, 7, 8, 10]
[12, 13, 6, 7, 11, 12]
[13, 6, 7, 11, 12, 13]
[11, 12, 13, 6, 7, 8, 9]
[11, 12, 13, 6, 7, 8, 10]
[1, 0, 2, 3, 4, 5, 6, 7, 8, 9]
[1, 0, 2, 3, 4, 5, 6, 7, 8, 10]
[1, 0, 2, 3, 4, 5, 6, 7, 11, 13]
[8, 9, 7, 11, 13, 6, 5, 2, 3, 4]
[8, 9, 7, 11, 13, 6, 5, 2, 14, 15]
[8, 10, 7, 11, 13, 6, 5, 2, 3, 4]
[8, 10, 7, 11, 13, 6, 5, 2, 14, 15]
[1, 0, 2, 3, 4, 5, 6, 7, 11, 12, 13]
[8, 9, 7, 11, 12, 13, 6, 5, 2, 3, 4]
[8, 9, 7, 11, 12, 13, 6, 5, 2, 14, 15]
[8, 10, 7, 11, 12, 13, 6, 5, 2, 3, 4]
[8, 10, 7, 11, 12, 13, 6, 5, 2, 14, 15]
